10
1 8888888888 2222222222
2 9999999999 10000000000
2 10000000000 9999999999
1 3 5
2 7 7
2 0 5
1 19385838321938583832193858383219385838321938583832193858383219385838321938583832193858383219385838321938583832193858383200000000000000000000000000000000000000000000000000000000000000000000000000000000 95234567809123456780912345678091234567809123456780912345678091234567809123456780912345678091234567809123456780912345678091234567809123456780912345678091234567809123456780912345678091234567809123456780
2 19385838321938583832193858383219385838321938583832193858383219385838321938583832193858383219385838321938583832193858383200000000000000000000000000000000000000000000000000000000000000000000000000000000 95234567809123456780912345678091234567809123456780912345678091234567809123456780912345678091234567809123456780912345678091234567809123456780912345678091234567809123456780912345678091234567809123456780
2 23846098743650298740983098320576769760987394620943752836709832523980475208934750982365208743523 23846098743650298740983098320576769760987394620943752836709832523980475208934750982365208743523
1 935628126812131 148123782378218738287372
